"strate";"Nh";"Total";"Moyenne";"Sh";"nhAp";"nhAp1";"NhSh";"nhNey"
"AA1";1139;42687;37.4776119402985;29.3328899882955;28;28.475;33410.1616966686;3
"AA2";1056;261081;247.235795454545;113.793503370861;26;26.4;120165.939559629;10
"AA3";574;414591;722.283972125436;146.970683121783;14;14.35;84361.1721119037;7
"AA4";643;937863;1458.57387247278;289.999181546427;16;16.075;186469.473734352;15
"AA5";806;3135493;3890.18982630273;1778.18925484129;20;20.15;1433220.53940208;116
"AA6";29;415968;14343.724137931;5085.22783515822;1;0.725;147471.607219588;12
"BB1";2083;98688;47.3778204512722;27.4653362468262;52;52.075;57210.2954021389;5
"BB2";2339;558996;238.989311671655;111.398384060335;58;58.475;260560.820317124;21
"BB3";1047;763267;729.003820439351;147.578011857663;26;26.175;154514.178414974;13
"BB4";1008;1418325;1407.06845238095;278.040608932003;25;25.2;280264.933803459;23
"BB5";588;1994704;3392.3537414966;1493.57071228967;15;14.7;878219.578826329;71
"BB6";27;343744;12731.2592592593;3166.51804149645;1;0.675;85495.9871204041;7
"CC1";2448;109545;44.7487745098039;28.1905079591718;61;61.2;69010.3634840526;6
"CC2";2630;623705;237.150190114068;109.708288596984;66;65.75;288532.799010067;23
"CC3";1150;831723;723.237391304348;144.242947895409;29;28.75;165879.390079721;13
"CC4";1019;1421147;1394.64867517174;277.86066002707;25;25.475;283140.012567585;23
"CC5";655;2427435;3706.00763358779;1739.07563981024;16;16.375;1139094.54407571;92
"CC6";19;269064;14161.2631578947;4065.6370532947;0;0.475;77247.1040125993;6
"DD1";1323;62001;46.8639455782313;27.5986404514533;33;33.075;36513.0013172727;3
"DD2";1452;341527;235.211432506887;108.929083368309;36;36.3;158165.029050784;13
"DD3";676;487829;721.640532544379;143.856789123424;17;16.9;97247.1894474344;8
"DD4";655;934106;1426.11603053435;278.281278020562;16;16.375;182274.237103468;15
"DD5";617;2287957;3708.1961102107;1733.28268581495;15;15.425;1069435.41714782;87
"DD6";17;235675;13863.2352941176;6038.32751605744;0;0.425;102651.567772977;8
